ACC:          0.675676
Mean F-score: 0.939434
MRR:          0.755349
MAP_ref:      0.675676
ACC@10:       0.854730
CharACC:       0.914562
